ncols         10
nrows         10
xllcorner     931010.28461238
yllcorner     3443195.278188
cellsize      12.5
NODATA_value  -9999
-9999 -9999 -9999 -9999 -9999 -9999 -9999 -9999 -9999 -9999
-9999 -9999 2.5 2.6 2.7 4 -9999 -9999 -9999 -9999
-9999 -9999 -9999 -9999 9 -9999 -9999 -9999 -9999 -9999
-9999 -9999 -9999 8 -9999 -9999 -9999 -9999 -9999 -9999
-9999 -9999 -9999 0.4 3.2 -9999 -9999 -9999 -9999 -9999
-9999 -9999 -9999 -9999 -9999 7.9 -9999 -9999 -9999 -9999
-9999 -9999 -9999 4.6 -9999 -9999 -9999 -9999 -9999 -9999
-9999 -9999 -9999 -9999 1.6 6.6 -9999 -9999 -9999 -9999
-9999 -9999 -9999 -9999 -9999 -9999 -9999 -9999 -9999 -9999
-9999 -9999 -9999 -9999 -9999 -9999 -9999 -9999 -9999 -9999
